MWT_BEGIN

NETSPEED=0.0000000004355644
WORKERRECV=1:149
MASTERRECV=1:107
MASTERRECV=1:119
WORKERFUNC=1:15
NETLATENCY=0.000009048511
IMBALANCETHR=15
TASKSIZE=8


MWT_END








